sf:
    castro : [[-122.443528,37.754818],[-122.426265,37.764576]]
    mission : [[-122.42747,37.754139],[-122.407359,37.768971]]
    duboce_triangle : [[-122.440243,37.761396],[-122.426987,37.771485]]
    haight : [[-122.455296,37.766841],[-122.422204,37.780387]]
    bernal_heights : [[-122.422923,37.738926],[-122.408367,37.746553]]
    cow_hollow : [[-122.445288,37.787772],[-122.425677,37.800774]]
    russian_nob_hill : [[-122.424673,37.790486],[-122.408971,37.805698]]
south_bay:
    west_menlo_park : [[-122.228755,37.413919],[-122.185847,37.450291]]
    menlo_park : [[-122.206589,37.432184],[-122.161884,37.469465]]
    atherton : [[-122.232894,37.434143],[-122.188188,37.471422]]
    woodside : [[-122.292629,37.397114],[-122.220502,37.452664]]
    portola_valley : [[-122.256674,37.347141],[-122.167783,37.417446]]
    los_altos : [[-122.184308,37.368887],[-122.100717,37.436769]]
    los_altos_hills : [[-122.176902,37.337131],[-122.116465,37.38769]]
    palo_alto : [[-122.183096,37.415184],[-122.110956,37.467481]]

